1
10
1361955 7579012 8145516 6140462 3515280 6969585 2888635 6402539 8152102 8176572
1402892 7860889 9580638 870044 6139319 8509022 4027666 1263304 1082555 8212774
563715 6389629 9113528 6147999 5801172 7151740 301173 6585275 5845005 2071050
3573723 7123762 9467290 6231662 1265400 9374333 690249 8571510 1747709 9313372
3215695 9204466 4608448 2733264 6517316 5253431 6956091 1457954 8156706 1354013
8398859 2040410 3974602 8000642 7883250 4556873 2264704 5461189 7444309 7035008
5986538 206284 2553407 5142614 2099860 6205950 5144412 7641318 9344367 64713
6507263 9420687 9726669 5434270 3692316 461042 1329638 7850352 9523791 4794871
497239 5203769 6091347 4237001 8054686 7246324 7178252 625749 6162463 4505508
1356542 1738703 5692962 6102988 3986003 2173997 7688147 3502197 8916697 7545898 